#################################### SBX_META_DATA #####################################
MeshCount: 1

##################################### MESH_DATA ######################################
VertexCount: 175
IndexCount: 444
BoneCount: 0
AnimationClips: 0

#################################### VERTEX_DATA #####################################
Pos: 1.92389 0 -6.23028e-08
Normal: 1 0 2.0536e-08
UV: 0.484575 0.830572

Pos: 1.631 0 0.707107
Normal: 0.92388 0 0.382683
UV: 0.486076 0.789438

Pos: 1.631 5 0.707107
Normal: 0.92388 0 0.382683
UV: 0.131707 0.789438

Pos: 1.92389 5 -6.23028e-08
Normal: 1 0 -6.16079e-08
UV: 0.133208 0.830573

Pos: 0.707107 0 0.707107
Normal: 0.382683 0 0.92388
UV: 0.218266 0.35405

Pos: -4.37114e-08 0 1
Normal: -9.88293e-08 0 1
UV: 0.209675 0.335106

Pos: -4.37114e-08 5 1
Normal: 0.000352786 0.0382779 0.999267
UV: 0.64881 0.252957

Pos: 0.707107 5 0.707107
Normal: 0.600601 0.0494438 0.798019
UV: 0.649898 0.229527

Pos: -0.707107 0 0.707107
Normal: -0.382683 0 0.92388
UV: 0.218858 0.314614

Pos: -0.707107 5 0.707107
Normal: -0.6007 0.0479183 0.798037
UV: 0.670515 0.277703

Pos: -1.631 0 0.707107
Normal: -0.92388 0 0.382683
UV: 0.134526 0.790203

Pos: -1.92389 0 -1.65301e-07
Normal: -1 0 -2.11777e-07
UV: 0.136021 0.831153

Pos: -1.92389 5 -1.65301e-07
Normal: -1 0 -1.43752e-07
UV: 0.485809 0.831153

Pos: -1.631 5 0.707107
Normal: -0.92388 0 0.382683
UV: 0.487303 0.790203

Pos: -1.631 0 -0.707107
Normal: -0.923879 0 -0.382684
UV: 0.134526 0.872102

Pos: -1.631 5 -0.707107
Normal: -0.923879 0 -0.382684
UV: 0.487303 0.872102

Pos: -0.707107 0 -0.707107
Normal: -0.382683 0 -0.92388
UV: 0.353085 0.255149

Pos: 1.19249e-08 0 -1
Normal: 3.46544e-08 0 -1
UV: 0.368565 0.318995

Pos: 1.19249e-08 5 -1
Normal: -0.0003528 0.0382779 -0.999267
UV: 0.818574 0.254186

Pos: -0.707107 5 -0.707107
Normal: -0.600601 0.0494437 -0.798019
UV: 0.809826 0.232678

Pos: 0.707107 0 -0.707107
Normal: 0.382683 0 -0.92388
UV: 0.366084 0.384568

Pos: 0.707107 5 -0.707107
Normal: 0.6007 0.0479183 -0.798037
UV: 0.798472 0.274937

Pos: 1.631 0 -0.707107
Normal: 0.92388 0 -0.382683
UV: 0.486076 0.871707

Pos: 1.631 5 -0.707107
Normal: 0.92388 0 -0.382683
UV: 0.131707 0.871707

Pos: 1 5 0
Normal: 0.997473 0.0710503 0.000714346
UV: 0.714217 0.249421

Pos: 0.45944 10 0.42914
Normal: 0.690058 0.0365294 0.722832
UV: 0.193519 0.345582

Pos: 0.649747 10 -2.03062e-07
Normal: 0.999343 0.0362286 0.00061684
UV: 0.276911 0.40299

Pos: -2.84013e-08 10 0.606895
Normal: 0.000586542 0.0386924 0.999251
UV: 0.169556 0.235987

Pos: -0.45944 10 0.42914
Normal: -0.68999 0.0383608 0.722802
UV: 0.221756 0.141672

Pos: -1 5 -8.74228e-08
Normal: -0.997473 0.0710503 -0.000714407
UV: 0.744059 0.258538

Pos: -0.649747 10 -2.56119e-07
Normal: -0.999343 0.0362286 -0.000616957
UV: 0.312211 0.119092

Pos: -0.45944 10 -0.42914
Normal: -0.690058 0.0365295 -0.722832
UV: 0.386059 0.179674

Pos: 7.74815e-09 10 -0.606896
Normal: -0.000586604 0.0386924 -0.999251
UV: 0.406048 0.285026

Pos: 0.45944 10 -0.42914
Normal: 0.68999 0.0383608 -0.722802
UV: 0.363507 0.376196

Pos: 0.45944 15 0.42914
Normal: 0.68999 -0.0383608 0.722802
UV: 0.483019 0.125371

Pos: 0.649747 15 1.17162e-07
Normal: 0.999343 -0.0362286 -0.00061687
UV: 0.326803 0.0323694

Pos: -2.84013e-08 15 0.606895
Normal: -0.000586625 -0.0386924 0.999251
UV: 0.52434 0.30007

Pos: -0.45944 15 0.42914
Normal: -0.690058 -0.0365295 0.722832
UV: 0.424509 0.450372

Pos: -0.649747 15 6.41056e-08
Normal: -0.999343 -0.0362286 0.000616794
UV: 0.245762 0.488159

Pos: -0.45944 15 -0.42914
Normal: -0.68999 -0.0383608 -0.722802
UV: 0.0911556 0.393897

Pos: 7.74815e-09 15 -0.606895
Normal: 0.000586557 -0.0386923 -0.999251
UV: 0.0509044 0.221237

Pos: 0.45944 15 -0.42914
Normal: 0.690058 -0.0365294 -0.722832
UV: 0.149126 0.0722561

Pos: 0.707107 20 0.707107
Normal: 0.608199 -0.00887651 0.793735
UV: 0.117393 0.384058

Pos: 1 20 0
Normal: 0.997472 -0.0710503 -0.000714283
UV: 0.252786 0.471633

Pos: -4.37114e-08 20 1
Normal: 0.00422386 0.0153366 0.999873
UV: 0.0818872 0.2241

Pos: -0.707107 20 0.707107
Normal: -0.601805 -0.0187906 0.798422
UV: 0.167191 0.0854007

Pos: -1 20 -8.74228e-08
Normal: -0.997472 -0.0710503 0.000714179
UV: 0.323284 0.0495908

Pos: -0.707107 20 -0.707107
Normal: -0.603986 -0.0297144 -0.796441
UV: 0.458114 0.13746

Pos: 1.19249e-08 20 -1
Normal: 0.00815662 0.00279166 -0.999963
UV: 0.493265 0.296979

Pos: 0.707107 20 -0.707107
Normal: 0.60683 -0.0159301 -0.794672
UV: 0.408532 0.435387

Pos: 3.15576 20 -1.45374e-07
Normal: 0.881333 0.472491 -0.00223329
UV: 0.282109 0.604941

Pos: 2.86287 20 0.707107
Normal: 0.829754 0.439752 0.343695
UV: 0.271746 0.558695

Pos: 0.37138 25 0.324681
Normal: 0.86949 0.475518 0.133676
UV: 0.158859 0.620185

Pos: 0.422254 25 -0.0637377
Normal: 0.884326 0.466732 -0.0113272
UV: 0.15642 0.605033

Pos: 0.707107 20 0.707107
Normal: 0.608199 -0.00887651 0.793735
UV: 0.216114 0.511002

Pos: -4.37114e-08 20 1
Normal: 0.00422386 0.0153366 0.999873
UV: 0.179864 0.500465

Pos: -0.271085 25 0.48557
Normal: -0.051459 0.110886 0.9925
UV: 0.177649 0.636576

Pos: -0.00306782 25 0.324682
Normal: 0.509801 0.137365 0.849255
UV: 0.165111 0.63285

Pos: -0.707107 20 0.707107
Normal: -0.601805 -0.0187906 0.798422
UV: 0.143704 0.51016

Pos: -0.512001 25 0.324682
Normal: -0.53865 0.0583639 0.840505
UV: 0.190946 0.632845

Pos: -2.86287 20 0.707107
Normal: -0.85798 0.381448 0.344046
UV: 0.0896429 0.559925

Pos: -3.15576 20 -2.6914e-07
Normal: -0.918258 0.395919 0.00700398
UV: 0.0796097 0.604848

Pos: -0.949029 25 -0.0637378
Normal: -0.920825 0.389845 0.0100892
UV: 0.200059 0.605052

Pos: -0.896754 25 0.324681
Normal: -0.920209 0.371319 0.123845
UV: 0.19752 0.620736

Pos: -2.86286 20 -0.707107
Normal: -0.862822 0.357504 -0.357393
UV: 0.0898075 0.64965

Pos: -0.896754 25 -0.452157
Normal: -0.906692 0.396679 -0.143369
UV: 0.197671 0.589305

Pos: -0.707107 20 -0.707107
Normal: -0.603986 -0.0297144 -0.796441
UV: 0.143697 0.699555

Pos: 1.19249e-08 20 -1
Normal: 0.00815662 0.00279166 -0.999963
UV: 0.179812 0.709277

Pos: -0.271085 25 -0.613045
Normal: -0.0339649 0.0915632 -0.99522
UV: 0.177672 0.573485

Pos: -0.512 25 -0.452157
Normal: -0.554227 0.0639435 -0.829906
UV: 0.191035 0.577179

Pos: 0.707107 20 -0.707107
Normal: 0.60683 -0.0159301 -0.794672
UV: 0.216018 0.698943

Pos: -0.00306788 25 -0.452157
Normal: 0.500867 0.0945738 -0.860342
UV: 0.16506 0.577323

Pos: 2.86287 20 -0.707107
Normal: 0.829653 0.447861 -0.333312
UV: 0.271542 0.651041

Pos: 0.37138 25 -0.452157
Normal: 0.886604 0.447714 -0.116126
UV: 0.158734 0.589825

Pos: 1.19249e-08 0 -1
Normal: 0 -1 0
UV: 0.368565 0.318995

Pos: -0.707107 0 -0.707107
Normal: 0 -1 0
UV: 0.353085 0.255149

Pos: -1 0 -8.74228e-08
Normal: 0 -1 0
UV: 0.280185 0.237419

Pos: -0.707107 0 0.707107
Normal: 0 -1 0
UV: 0.218858 0.314614

Pos: -4.37114e-08 0 1
Normal: 0 -1 0
UV: 0.209675 0.335106

Pos: 0.707107 0 0.707107
Normal: 0 -1 0
UV: 0.218266 0.35405

Pos: 1 0 0
Normal: 0 -1 0
UV: 0.297991 0.416729

Pos: 0.707107 0 -0.707107
Normal: 0 -1 0
UV: 0.366084 0.384568

Pos: -0.00306782 25 0.324682
Normal: 0 1 0
UV: 0.830236 0.39609

Pos: -0.271085 25 0.48557
Normal: 0 1 0
UV: 0.736576 0.345543

Pos: -0.512001 25 0.324682
Normal: 0 1 0
UV: 0.654858 0.396031

Pos: -0.564275 25 -0.0637377
Normal: 0 1 0
UV: 0.627002 0.520968

Pos: -0.512 25 -0.452157
Normal: 0 1 0
UV: 0.657028 0.637368

Pos: -0.271085 25 -0.613045
Normal: 0 1 0
UV: 0.736576 0.690703

Pos: -0.00306788 25 -0.452157
Normal: 0 1 0
UV: 0.830236 0.640155

Pos: 0.0478066 25 -0.0637376
Normal: 0 1 0
UV: 0.848015 0.518123

Pos: -0.707107 20 0.707107
Normal: 0 -1 0
UV: 0.940769 0.734184

Pos: -1 20 -8.74228e-08
Normal: 0 -1 0
UV: 0.901269 0.825763

Pos: -3.15576 20 -2.6914e-07
Normal: 0 -1 0
UV: 0.620382 0.821688

Pos: -2.86287 20 0.707107
Normal: 0 -1 0
UV: 0.659882 0.730108

Pos: -0.707107 20 -0.707107
Normal: 0 -1 0
UV: 0.938095 0.91845

Pos: -2.86286 20 -0.707107
Normal: 0 -1 0
UV: 0.657208 0.914375

Pos: -0.707107 20 -0.707107
Normal: 3.09431e-07 0.0509239 -0.998703
UV: 0.143697 0.699555

Pos: -0.512 25 -0.452157
Normal: 3.09431e-07 0.0509239 -0.998703
UV: 0.191035 0.577179

Pos: -0.896754 25 -0.452157
Normal: 3.09431e-07 0.0509239 -0.998703
UV: 0.197671 0.589305

Pos: -2.86286 20 -0.707107
Normal: 8.28395e-08 0.0509239 -0.998703
UV: 0.0898075 0.64965

Pos: -0.512 25 -0.452157
Normal: 0 1 0
UV: 0.678629 0.628695

Pos: -0.564275 25 -0.0637377
Normal: 0 1 0
UV: 0.62177 0.51788

Pos: -0.949029 25 -0.0637378
Normal: 0 1 0
UV: 0.558818 0.539444

Pos: -0.896754 25 -0.452157
Normal: 0 1 0
UV: 0.624978 0.64626

Pos: -0.896754 25 0.324681
Normal: 0 1 0
UV: 0.524203 0.412924

Pos: -0.949029 25 -0.0637378
Normal: 0 1 0
UV: 0.558899 0.534128

Pos: -0.512001 25 0.324682
Normal: -8.27056e-08 0.0762623 0.997088
UV: 0.190946 0.632845

Pos: -0.707107 20 0.707107
Normal: -8.27055e-08 0.0762623 0.997088
UV: 0.143704 0.51016

Pos: -2.86287 20 0.707107
Normal: -8.27056e-08 0.0762623 0.997088
UV: 0.0896429 0.559925

Pos: -0.896754 25 0.324681
Normal: -3.0893e-07 0.0762624 0.997088
UV: 0.19752 0.620736

Pos: 1 20 0
Normal: 0 -1 0
UV: 0.905756 0.825958

Pos: 0.707107 20 0.707107
Normal: 0 -1 0
UV: 0.944381 0.732708

Pos: 2.86287 20 0.707107
Normal: 0 -1 0
UV: 0.660089 0.732708

Pos: 3.15576 20 -1.45374e-07
Normal: 0 -1 0
UV: 0.621463 0.825958

Pos: 0.707107 20 0.707107
Normal: 3.17433e-07 0.0762624 0.997088
UV: 0.216114 0.511002

Pos: -0.00306782 25 0.324682
Normal: 3.17433e-07 0.0762624 0.997088
UV: 0.165111 0.63285

Pos: 0.37138 25 0.324681
Normal: 3.17433e-07 0.0762624 0.997088
UV: 0.158859 0.620185

Pos: 2.86287 20 0.707107
Normal: 5.5137e-08 0.0762623 0.997088
UV: 0.271746 0.558695

Pos: 0.422254 25 -0.0637377
Normal: 0 1 0
UV: 0.978869 0.518123

Pos: 0.37138 25 0.324681
Normal: 0 1 0
UV: 0.961091 0.396091

Pos: 0.37138 25 -0.452157
Normal: 0 1 0
UV: 0.961091 0.640155

Pos: -0.00306788 25 -0.452157
Normal: -5.52263e-08 0.0509239 -0.998703
UV: 0.16506 0.577323

Pos: 0.707107 20 -0.707107
Normal: -5.52263e-08 0.0509239 -0.998703
UV: 0.216018 0.698943

Pos: 2.86287 20 -0.707107
Normal: -5.52263e-08 0.0509239 -0.998703
UV: 0.271542 0.651041

Pos: 0.37138 25 -0.452157
Normal: -1.58974e-07 0.0509238 -0.998703
UV: 0.158734 0.589825

Pos: 0.707107 20 -0.707107
Normal: 0 -1 0
UV: 0.944381 0.919209

Pos: 2.86287 20 -0.707107
Normal: 0 -1 0
UV: 0.660089 0.919209

Pos: -0.512 25 -0.452157
Normal: 1 0 0
UV: 0.657028 0.637368

Pos: -0.564275 25 -0.0637377
Normal: 1 0 0
UV: 0.627002 0.520968

Pos: -0.564275 25 -0.0637377
Normal: 1 0 0
UV: 0.62177 0.51788

Pos: -0.512 25 -0.452157
Normal: 1 0 0
UV: 0.678629 0.628695

Pos: -0.949029 25 -0.0637378
Normal: 1 0 0
UV: 0.558899 0.534128

Pos: -0.949029 25 -0.0637378
Normal: 1 0 0
UV: 0.558818 0.539444

Pos: -0.896754 25 -0.452157
Normal: 1 0 0
UV: 0.641266 0.639818

Pos: -0.896754 25 -0.452157
Normal: 1 0 0
UV: 0.624978 0.64626

Pos: 1 0 0
Normal: 0 -1 0
UV: 0.537619 0.830572

Pos: 0.707107 0 0.707107
Normal: 0 -1 0
UV: 0.513349 0.7444

Pos: 1.631 0 0.707107
Normal: 0 -1 0
UV: 0.486076 0.789438

Pos: 1.92389 0 -6.23028e-08
Normal: 0 -1 0
UV: 0.484575 0.830572

Pos: 0.707107 0 0.707107
Normal: 6.45145e-08 0 1
UV: 0.513349 0.7444

Pos: 0.707107 5 0.707107
Normal: 6.45145e-08 0 1
UV: 0.104434 0.7444

Pos: 1.631 5 0.707107
Normal: 6.45145e-08 0 1
UV: 0.131707 0.789438

Pos: 1.631 0 0.707107
Normal: 6.45145e-08 0 1
UV: 0.486076 0.789438

Pos: 0.707107 5 0.707107
Normal: 0 1 0
UV: 0.104434 0.7444

Pos: 1 5 0
Normal: 0 1 0
UV: 0.0801633 0.830573

Pos: 1.92389 5 -6.23028e-08
Normal: 0 1 0
UV: 0.133208 0.830573

Pos: 1.631 5 0.707107
Normal: 0 1 0
UV: 0.131707 0.789438

Pos: 0.707107 5 -0.707107
Normal: 0 1 0
UV: 0.104434 0.916745

Pos: 1.631 5 -0.707107
Normal: 0 1 0
UV: 0.131707 0.871707

Pos: 0.707107 5 -0.707107
Normal: -6.45145e-08 0 -1
UV: 0.104434 0.916745

Pos: 0.707107 0 -0.707107
Normal: -6.45145e-08 0 -1
UV: 0.513349 0.916745

Pos: 1.631 0 -0.707107
Normal: -6.45145e-08 0 -1
UV: 0.486076 0.871707

Pos: 1.631 5 -0.707107
Normal: -6.45145e-08 0 -1
UV: 0.131707 0.871707

Pos: 0.707107 0 -0.707107
Normal: 0 -1 0
UV: 0.513349 0.916745

Pos: 1.631 0 -0.707107
Normal: 0 -1 0
UV: 0.486076 0.871707

Pos: -0.707107 5 0.707107
Normal: -6.45145e-08 0 1
UV: 0.514454 0.745367

Pos: -0.707107 0 0.707107
Normal: -6.45145e-08 0 1
UV: 0.107376 0.745367

Pos: -1.631 0 0.707107
Normal: -6.45145e-08 0 1
UV: 0.134526 0.790203

Pos: -1.631 5 0.707107
Normal: -6.45145e-08 0 1
UV: 0.487303 0.790203

Pos: -0.707107 0 0.707107
Normal: 0 -1 0
UV: 0.107376 0.745367

Pos: -1 0 -8.74228e-08
Normal: 0 -1 0
UV: 0.0832147 0.831153

Pos: -1.92389 0 -1.65301e-07
Normal: 0 -1 0
UV: 0.136021 0.831153

Pos: -1.631 0 0.707107
Normal: 0 -1 0
UV: 0.134526 0.790203

Pos: -0.707107 0 -0.707107
Normal: 0 -1 0
UV: 0.107376 0.916938

Pos: -1.631 0 -0.707107
Normal: 0 -1 0
UV: 0.134526 0.872102

Pos: -0.707107 0 -0.707107
Normal: 6.45145e-08 0 -1
UV: 0.107376 0.916938

Pos: -0.707107 5 -0.707107
Normal: 6.45145e-08 0 -1
UV: 0.514454 0.916938

Pos: -1.631 5 -0.707107
Normal: 6.45145e-08 0 -1
UV: 0.487303 0.872102

Pos: -1.631 0 -0.707107
Normal: 6.45145e-08 0 -1
UV: 0.134526 0.872102

Pos: -0.707107 5 -0.707107
Normal: 0 1 0
UV: 0.514454 0.916938

Pos: -1 5 -8.74228e-08
Normal: 0 1 0
UV: 0.538615 0.831153

Pos: -1.92389 5 -1.65301e-07
Normal: 0 1 0
UV: 0.485809 0.831153

Pos: -1.631 5 -0.707107
Normal: 0 1 0
UV: 0.487303 0.872102

Pos: -0.707107 5 0.707107
Normal: 0 1 0
UV: 0.514454 0.745367

Pos: -1.631 5 0.707107
Normal: 0 1 0
UV: 0.487303 0.790203


##################################### INDEX_DATA  #####################################
0 2 1
2 0 3
4 6 5
6 4 7
5 9 8
9 5 6
10 12 11
12 10 13
11 15 14
15 11 12
16 18 17
18 16 19
17 21 20
21 17 18
22 3 0
3 22 23
24 25 7
25 24 26
7 27 6
27 7 25
6 28 9
28 6 27
9 30 29
30 9 28
29 31 19
31 29 30
19 32 18
32 19 31
18 33 21
33 18 32
21 26 24
26 21 33
26 34 25
34 26 35
25 36 27
36 25 34
27 37 28
37 27 36
28 38 30
38 28 37
30 39 31
39 30 38
31 40 32
40 31 39
32 41 33
41 32 40
33 35 26
35 33 41
35 42 34
42 35 43
34 44 36
44 34 42
36 45 37
45 36 44
37 46 38
46 37 45
38 47 39
47 38 46
39 48 40
48 39 47
40 49 41
49 40 48
41 43 35
43 41 49
50 52 51
52 50 53
54 56 55
56 54 57
55 59 58
59 55 56
60 62 61
62 60 63
61 65 64
65 61 62
66 68 67
68 66 69
67 71 70
71 67 68
72 53 50
53 72 73
74 76 75
76 78 77
78 80 79
76 80 78
74 80 76
81 80 74
82 84 83
84 86 85
86 88 87
84 88 86
82 88 84
89 88 82
90 92 91
92 90 93
91 95 94
95 91 92
96 98 97
98 96 99
100 102 101
102 100 103
85 104 84
104 85 105
106 108 107
108 106 109
110 112 111
112 110 113
114 116 115
116 114 117
82 118 89
118 82 119
89 120 88
120 89 118
121 123 122
123 121 124
125 113 110
113 125 126
127 129 128
129 127 130
128 132 131
132 128 129
131 134 133
134 131 132
133 130 127
130 133 134
135 137 136
137 135 138
139 141 140
141 139 142
143 145 144
145 143 146
144 148 147
148 144 145
149 151 150
151 149 152
153 138 135
138 153 154
155 157 156
157 155 158
159 161 160
161 159 162
160 164 163
164 160 161
165 167 166
167 165 168
169 171 170
171 169 172
170 174 173
174 170 171

